1821   -10   -10   -10   -10   -10   -10 10155 10161 10179 10183 10238 10251
 1822 10257 10251 10206 10131 10149 10170 10152 10158 10172 10155 10208 10175
 1823 10157   -10   -10   -10 10228 10169 10172 10177 10180 10181 10187 10190
 1824 10188 10183 10180 10177 10172 10167 10167 10172 10177   -10 10189 10194
 1825 10193 10190 10186 10181 10184 10175 10168 10165 10176 10209 10214 10153
 1826 10138 10264 10162 10170 10145 10176 10165 10165 10176 10172 10162 10198
 1827 10202 10139 10216 10154 10158 10152 10176 10145 10169 10147 10178 10237
 1828 10242 10169 10185 10152 10141 10152 10130 10138 10158 10180 10144 10236
 1829 10152 10215 10140 10169 10176 10177 10161 10174 10187 10217 10193 10198
 1830 10167 10217 10246 10188 10160 10163 10176 10160 10176 10223 10211 10152
 1831 10156 10241 10177 10099 10140 10153 10170 10128 10148 10180 10214 10194
 1832 10191 10151 10175 10137 10157 10140 10162 10175 10193 10205 10180 10257
 1833 10218 10245 10130 10164 10159 10161 10173 10155 10162 10144 10196 10293
 1834 10276 10231 10200 10158 10156 10168 10158 10151 10188 10190 10154 10231
 1835 10241 10257 10207 10165 10170 10165 10166 10165 10160 10183 10177 10189
 1836 10234 10188 10192 10142 10150 10188 10180 10161 10176 10175 10215 10203
 1837 10211 10281 10146 10171 10159 10148 10151 10168 10170 10221 10213 10238
 1838 10155 10160 10215 10161 10149 10176 10168 10177 10178 10195 10174 10241
 1839 10260 10266 10193 10160 10154 10174 10172 10161 10184 10160 10155 10221
 1840 10292 10190 10170 10157 10182 10171 10164 10147 10178 10163 10206 10167
 1841 10238 10148 10220 10161 10172 10172 10166 10170 10171 10168 10258 10224
 1842 10263 10244 10235 10169 10141 10129 10138 10141 10145 10150 10163 10175
 1843 10271 10124 10165 10190 10178 10161 10181 10174 10183 10177 10180 10283
 1844 10229 10205 10184 10175 10139 10178 10171 10155 10168 10165 10192 10173
 1845 10218 10189 10182 10172 10156 10176 10171 10166 10173 10203 10177 10224
 1846 10253 10219 10224 10156 10150 10171 10168 10155 10169 10172 10188 10181
 1847 10203 10205 10167 10166 10176 10157 10165 10164 10181 10198 10211 10208
 1848 10173 10236 10166 10162 10158 10164 10178 10168 10149 10170 10198 10251
 1849 10254 10270 10162 10151 10159 10150 10167 10170 10173 10193 10204 10218
 1850 10229 10277 10157 10179 10153 10165 10168 10164 10167 10154 10235 10246
 1851 10251 10196 10230 10155 10142 10160 10129 10202 10206 10202 10203 10265
 1852 10209 10209 10151 10160 10162 10170 10153 10175 10173 10182 10182 10234
 1853 10210 10121 10192 10177 10131 10174 10167 10151 10167 10182 10169 10136
 1854 10213 10237 10250 10180 10158 10170 10157 10151 10197 10199 10176 10258
 1855 10207 10135 10168 10163 10148 10177 10143 10191 10184 10173 10154 10176
 1856 10180 10208 10158 10190 10168 10180 10163 10165 10180 10216 10203 10220
 1857 10197 10179 10195 10180 10162 10180 10190 10162 10197 10178 10172 10281
 1858 10254 10165 10172 10184 10172 10160 10153 10151 10184 10165 10128 10247
 1859 10274 10233 10229 10180 10141 10170 10177 10155 10180 10172 10209 10193
 1860 10234 10199 10202 10153 10158 10157 10146 10151 10170 10212 10165 10180
 1861 10200 10196 10199 10156 10141 10160 10153 10175 10173 10158 10186 10169
 1862 10220 10182 10145 10167 10153 10148 10150 10143 10158 10177 10176 10263
 1863 10219 10242 10206 10150 10148 10157 10162 10167 10185 10163 10215 10254
 1864 10237 10176 10131 10156 10148 10177 10157 10168 10187 10111 10182 10183
 1865 10200 10203 10165 10170 10168 10174 10163 10158 10197 10165 10193 10251
 1866 10254 10203 10138 10163 10151 10157 10167 10162 10180 10185 10216 10254
 1867 10186 10284 10145 10200 10155 10163 10160 10168 10184 10189 10199 10193
 1868 10241 10264 10216 10184 10162 10170 10163 10179 10167 10199 10203 10234
 1869 10261 10274 10161 10207 10155 10170 10163 10179 10184 10199 10213 10193
 1870 10214 10153 10152 10188 10176 10175 10154 10146 10191 10210 10177 10160
 1871 10208 10251 10193 10185 10136 10171 10168 10183 10171 10166 10160 10198
 1872 10215 10198 10150 10158 10167 10162 10142 10160 10162 10167 10205 10186
 1873 10239 10232 10140 10152 10164 10165 10159 10174 10182 10163 10174 10249
 1874 10223 10233 10222 10176 10148 10170 10156 10158 10176 10181 10189 10183
 1875 10274 10172 10175 10170 10148 10166 10160 10171 10180 10175 10179 10193
 1876 10221 10224 10172 10184 10149 10167 10171 10162 10171 10152 10173 10177
 1877 10248 10244 10169 10150 10155 10161 10167 10162 10154 10206 10207 10238
 1878 10263 10265 10207 10175 10160 10158 10145 10146 10158 10170 10170 10185
 1879 10205 10204 10170 10172 10167 10162 10155 10153 10175 10166 10160 10218
 1880 10229 10201 10187 10172 10143 10179 10158 10150 10189 10187 10214 10266
 1881 10165 10172 10174 10152 10175 10163 10170 10164 10180 10168 10250 10243
 1882 10284 10287 10242 10186 10161 10173 10163 10175 10176 10195 10233 10189
 1883 10226 10260 10144 10152 10158 10159 10153 10175 10186 10198 10219 10226
 1884 10295 10196 10152 10126 10162 10167 10164 10159 10184 10192 10186 10224
 1885 10173 10210 10155 10160 10179 10174 10184 10172 10181 10192 10176 10221
 1886 10173 10190 10206 10140 10169 10147 10147 10155 10177 10172 10190 10217
 1887 10218 10231 10173 10154 10170 10175 10165 10156 10161 10193 10144 10188
 1888 10249 10153 10166 10154 10187 10161 10172 10197 10178 10203 10224 10201
 1889 10222 10228 10203 10178 10146 10175 10168 10180 10168 10166 10241 10235
 1890 10287 10161 10160 10145 10150 10179 10162 10161 10193 10215 10208 10138
 1891 10226 10256 10167 10166 10150 10152 10159 10178 10189 10147 10161 10260
 1892 10182 10164 10154 10152 10174 10176 10166 10171 10176 10150 10208 10196
 1893 10200 10247 10172 10167 10172 10170 10157 10172 10167 10202 10189 10227
 1894 10230 10240 10172 10184 10162 10184 10174 10172 10184 10168 10193 10237
 1895 10169 10125 10158 10171 10172 10177 10170 10175 10184 10165 10226 10207
 1896 10230 10240 10192 10197 10162 10174 10167 10165 10184 10175 10189 10230
 1897 10173 10284 10239 10190 10155 10174 10160 10168 10197 10192 10213 10234
 1898 10247 10226 10124 10180 10162 10160 10157 10175 10170 10165 10152 10274
 1899 10234 10169 10165 10184 10165 10167 10174 10162 10173 10185 10223 10193
 1900 10227 10162 10155 10200 10158 10163 10163 10162 10177 10192 10193 10271
 1901 10227 10179 10158 10180 10162 10163 10146 10168 10163 10175 10193 10176
 1902 10264 10169 10182 10153 10182 10160 10167 10162 10173 10185 10172 10234
 1903 10224 10291 10229 10153 10162 10160 10170 10182 10184 10189 10216 10163
 1904 10241 10209 10148 10167 10182 10163 10163 10175 10170 10178 10206 10237
 1905 10254 10264 10205 10170 10155 10153 10157 10172 10173 10165 10189 10241
 1906 10251 10216 10189 10173 10158 10163 10160 10172 10167 10178 10216 10213
 1907 10268 10206 10222 10163 10158 10174 10174 10179 10180 10165 10172 10227
 1908 10220 10254 10189 10167 10182 10177 10170 10165 10184 10189 10189 10230
 1909 10244 10182 10158 10160 10165 10177 10174 10165 10180 10185 10162 10197
 1910 10261 10243 10189 10173 10138 10163 10157 10175 10177 10175 10213 10197
 1911 10234 10243 10161 10173 10155 10184 10174 10162 10190 10182 10182 10247
 1912 10193 10172 10226 10170 10182 10167 10157 10168 10173 10189 10223 10251
 1913 10237 10220 10209 10160 10165 10180 10163 10162 10160 10165 10247 10244
 1914 10220 10206 10226 10173 10185 10170 10157 10165 10184 10172 10155 10237
 1915 10200 10230 10158 10184 10145 10160 10153 10158 10177 10168 10172 10220
 1916 10291 10223 10111 10156 10158 10150 10157 10155 10160 10216 10176 10169
 1917 10153 10162 10185 10167 10151 10177 10170 10155 10190 10199 10230 10173
 1918 10227 10270 10178 10140 10165 10177 10157 10172 10177 10185 10179 10264
 1919 10203 10189 10199 10180 10175 10177 10160 10185 10160 10189 10176 10251
 1920 10264 10216 10219 10177 10158 10157 10163 10155 10173 10165 10196 10207
 1921 10285 10189 10202 10156 10145 10163 10160 10151 10163 10185 10179 10244
 1922 10213 10209 10192 10194 10189 10160 10170 10151 10177 10141 10209 10237
 1923 10258 10226 10178 10140 10175 10177 10160 10158 10197 10182 10162 10247
 1924 10207 10159 10145 10167 10158 10157 10153 10151 10173 10185 10189 10247
 1925 10312 10223 10158 10184 10165 10146 10167 10165 10173 10178 10159 10217
 1926 10234 10213 10202 10184 10155 10157 10150 10168 10184 10145 10172 10220
 1927 10251 10220 10229 10177 10151 10160 10160 10168 10163 10172 10165 10153
 1928 10254 10267 10161 10146 10145 10157 10170 10148 10160 10185 10216 10224
 1929 10234 10189 10189 10136 10168 10170 10170 10158 10170 10185 10206 10251
 1930 10207 10193 10178 10129 10179 10146 10150 10168 10177 10195 10216 10213
 1931 10218 10218 10142 10145 10163 10169 10153 10156 10168 10189 10199 10237
 1932 10288 10180 10152 10176 10173 10166 10150 10168 10166 10187 10205 10216
 1933 10204 10186 10199 10181 10161 10146 10178 10166 10163 10168 10141 10181
 1934 10283 10228 10165 10150 10167 10157 10151 10156 10186 10199 10173 10232
 1935 10218 10231 10198 10182 10145 10176 10161 10145 10181 10181 10191 10191
 1936 10197 10138 10145 10155 10136 10178 10171 10174 10181 10199 10183 10255
 1937 10227 10219 10170 10175 10183 10172 10155 10150 10161 10148 10183 10201
 1938 10252 10236 10240 10155 10164 10170 10166 10157 10171 10181 10223 10175
 1939 10216 10228 10184 10168 10153 10161 10164 10157 10159 10162 10219 10201
 1940 10171 10173 10175 10177 10153 10149 10159 10158 10167 10150 10213 10266
 1941 10153 10180 10181 10138 10166 10173 10162 10155 10174 10195 10175 10248
 1942 10222 10146 10155 10144 10174 10159 10160 10152 10162 10174 10170 10223
 1943 10231 10258 10163 10196 10194 10190 10161 10168 10160 10179 10211 10196
 1944 10299 10176 10185 10180 10172 10146 10156 10151 10181 10165 10206 10204
 1945 10206 10290 10261 10188 10148 10171 10162 10142 10187 10204 10168 10208
 1946 10220 10246 10170 10149 10145 10182 10173 10156 10190 10169 10181 10223
 1947 10197 10121 10171 10237 10146 10166 10155 10152 10182 10191 10213 10221
 1948 10219 10216 10261 10142 10152 10174 10167 10163 10185 10185 10254 10227
 1949 10245 10270 10172 10185 10151 10166 10163 10168 10166 10213 10183 10196
 1950 10212 10260 10210 10165 10156 10176 10148 10138 10174 10189 10210 10186
 1951 10216 10193 10150 10167 10153 10169 10169 10153 10167 10170 10173 10226
 1952 10226 10223 10160 10177 10163 10169 10159 10153 10167 10190 10193 10226
 1953 10216 10213 10230 10157 10163 10139 10159 10173 10177 10180 10223 10186
 1954 10226 10183 10150 10167 10163 10159 10159 10153 10197 10210 10183 10226
 1955 10186 10153 10140 10187 10173 10169 10149 10153 10167 10160 10173 10226
 1956 10196 10143 10170 10147 10203 10189 10169 10143 10177 10210 10213 10256
 1957 10256 10233 10190 10157 10163 10179 10169 10163 10177 10170 10183 10196
 1958 10216 10223 10180 10187 10193 10169 10169 10163 10177 10210 10193 10166
 1959 10226 10253 10190 10177 10143 10179 10159 10153 10157 10200 10183 10226
 1960 10216 10193 10160 10177 10163 10169 10159 10163 10177 10160 10213 10196
 1961 10246 10293 10240 10167 10153 10169 10169 10173 10177 10190 10143 10206
 1962 10246 10243 10140 10177 10173 10179 10159 10173 10177 10180 10163 10206
 1963 10166 10153 10240 10147 10163 10159 10159 10153 10177 10210 10193 10156
 1964 10256 10203 10160 10177 10183 10149 10169 10153 10187 10200 10223 10176
 1965 10206 10193 10220 10177 10173 10169 10159 10163 10167 10160 10203 10236
 1966 10206 10193 10220 10177 10173 10169 10149 10153 10177 10160 10203 10236
 1967 10246 10203 10240 10147 10163 10179 10169 10153 10177 10190 10173 10226
 1968 10266 10163 10170 10167 10163 10169 10169 10153 10187 10210 10153 10186
 1969 10186 10133 10150 10177 10173 10149 10179 10143 10177 10180 10173 10206
 1970 10166 10233 10160 10207 10173 10169 10159 10153 10177 10200 10213 10206
 1971 10193 10207 10138 10114 10140 10176 10162 10148 10176 10220 10178 10223
 1972 10174 10163 10161 10157 10173 10160 10162 10159 10150 10163 10199 10224
 1973 10241 10208 10200 10162 10175 10165 10149 10171 10172 10191 10214 10177
 1974 10254 10186 10150 10138 10161 10162 10173 10163 10171 10185 10211 10272
 1975 10249 10201 10153 10161 10151 10177 10162 10159 10186 10206 10205 10183
 1976 10229 10194 10191 10144 10160 10176 10163 10167 10167 10148 10218 10145
 1977 10167 10214 10224 10181 10159 10170 10157 10153 10197 10176 10201 10199
 1978 10212 10145 10224 10140 10162 10169 10167 10166 10195 10189 10247 10168
 1979 10144 10169 10183 10178 10183 10169 10179 10149 10183 10136 10213 10237
 1980 10182 10207 10166 10160 10149 10168 10163 10165 10187 10187 10184 10247
 1981 10257 10199 10170 10145 10161 10161 10173 10163 10176 10181 10240 10169
 1982 10207 10198 10191 10142 10179 10167 10159 10161 10176 10179 10201 10257
 1983 10317 10196 10210 10161 10161 10171 10154 10161 10178 10214 10166 10223
 1984 10253 10221 10157 10153 10130 10179 10173 10166 10162 10209 10150 10227
 1985 10165 10200 10193 10164 10142 10164 10167 10169 10184 10195 10159 10223
 1986 10240 10133 10196 10149 10175 10156 10166 10157 10180 10191 10228 10276
 1987 10185 10190 10190 10185 10167 10179 10153 10148 10178 10163 10186 10195
 1988 10211 10199 10211 10150 10145 10144 10166 10145 10183 10164 10176 10257
 1989 10280 10243 10187 10151 10169 10165 10169 10148 10157 10192 10144 10154
 1990 10257 10253 10242 10159 10165 10171 10170 10176 10167 10165 10182 10198
 1991 10250 10188 10135 10180 10177 10173 10161 10161 10167 10166 10207 10250
 1992 10242 10242 10207 10167 10168 10156 10166 10172 10185 10150 10245 10194
 1993 10281 10216 10190 10161 10145 10174 10172 10166 10161 10153 10173 10247
 1994 10233 10193 10217 10178 10148 10181 10151 10149 10155 10158 10215 10258
 1995 10268 10238 10185 10169 10165 10149 10152 10147 10169 10200 10182 10161
 1996 10109 10189 10142 10155 10155 10182 10169 10152 10155 10162 10209 10117
 1997 10174 10282 10225 10163 10160 10142 10170 10163 10171 10162 10156 10190
 1998 10209 10242 10231 10163 10154 10175 10156 10159 10154 10214 10207 10230
 1999 10213 10226 10161 10185 10167 10177 10148 10137 10152 10173 10200 10246
 2000 10235 10278 10206 10135 10158 10185 10148 10166 10160 10181 10187 10182
 2001 10209 10222 10162 10182 10164 10165 10155 10160 10148 10188 10194 10197
 2002 10263 10256 10170 10143 10156 10169 10152 10150 10157 10180 10166 10202
 2003 10227 10196 10200 10147 10175 10153 10157 10158 10180 10140 10173 10201
 2004 10205 10186 10202 10154 10155 10170 10156 10155 10192 10157 10198 10211
 2005 10263 10162 10179 10170 10178 10166 10161 10153 10178 10178 10177 10199
 2006 10188 10173 10180 10142 10164 10159 10165 10142 10159 10160 10206 10261
 2007 10257 10208 10206 10155 10161 10152 10157 10133 10167 10172 10177 10230
 2008 10243 10227 10175 10153 10135 10159 10153 10143 10150 10168 10176 10193
 2009 10187 10161 10164 10167 10168 10159 10161 10152 10164 10168 10199 10133
 2010 10161 10099 10175 10158 10156 10145 10153 10149 10155 10140 10144 10134
 2011 10185 10221 10172 10146 10168 10163 10143 10143 10184 10185 10174 10266
 2012 10260 10238 10234 10136 10169 10160 10158 10158 10151 10148 10152 10233
 2013 10230 10193 10120 10160 10170 10180 10180 10160 10171 10187 10190 10261
 2014 10190 10198 10196 10165 10164 10165 10162 10151 10156 10177 10130 10241
 2015 10260 10206 10205 10185 10177 10177 10152 10156 10165 10160 10244 10292
 2016 10239 10225 10182 10151 10158 10161 10180 10177 10183 10172 10164 10249
 2017 10222 10208 10200 10195 10170 10151 10155 10158 10181 10211 10197 10258
 2018 10244 10153 10161 10193 10171 10161 10183 10157 10179 10147 10162 10261
 2019 10220 10244 10224 10200 10211 10159 10144 10155 10172 10181 10172 10209
 2020 10256 10263 10175 10164 10169 10161 10151 10141 10172 10190 10205 10188
 2021 10198 10201 10204 10152 10172 10168 10154   -10   -10   -10   -10   -10