1821 10045 10123 10028 10131 10186   -10 10158 10107   -10   -10   -10   -10
 1822   -10   -10  9884 10160 10030 10143 10195 10097 10087 10061 10075  9972
 1823 10175  9968  9952 10166 10127 10138 10123 10069 10040 10100 10061  9969
 1824  9957  9995 10158 10067 10082 10254 10219 10147 10049 10158 10063  9964
 1825  9978 10014 10039 10151 10198 10112 10158 10071 10098  9971 10018  9960
 1826 10086  9807 10083 10037 10113 10099 10043 10029 10089  9974 10099 10020
 1827 10026 10214  9993 10112 10033 10041 10090 10157 10026 10101 10079  9863
 1828  9980  9954 10075 10070 10118 10091 10104 10097 10104 10003 10057  9834
 1829 10073 10062 10151 10106 10073 10140 10080 10127 10066 10075 10050 10007
 1830 10103  9996  9929 10023 10110 10115 10048 10110  9958 10009  9933 10100
 1831 10126 10034  9932 10084 10163 10096 10037 10075 10001  9956 10072  9935
 1832  9954  9876  9880 10102 10204 10135 10189 10126 10061  9942  9948  9866
 1833 10065  9953 10155 10013 10065 10134 10144 10136 10035 10012  9942  9892
 1834  9908  9910  9992 10188 10148 10090 10104 10092 10136 10020 10067 10050
 1835 10063  9912  9995 10146 10116 10085 10095 10041  9969 10037 10069 10065
 1836  9937 10022  9906 10011 10150 10062 10026 10011 10128 10068  9955 10097
 1837 10121  9862 10205 10140 10160 10141 10131 10129 10019  9973  9996  9970
 1838 10051 10108 10036 10119 10182 10083 10121 10126  9994 10017 10150  9885
 1839 10036  9866 10020 10030 10135 10124 10103 10101 10038 10030 10111 10082
 1840  9965 10063 10257 10046 10229 10116 10062 10047 10041 10116 10035 10084
 1841 10158 10046  9959 10008 10065 10141 10138 10059 10161 10108 10100 10024
 1842  9929  9811  9916 10130 10077 10119 10129  9992 10094 10155 10119  9875
 1843  9901 10163 10113 10073 10208 10150 10069 10022 10112 10120  9931  9948
 1844 10044 10056  9977  9957 10175 10145 10126 10112 10090 10027 10026 10058
 1845  9918 10024 10095 10094 10145 10050 10145 10131 10051 10006  9948  9976
 1846  9917 10046 10017 10142 10056 10055 10023 10089 10078  9985 10053 10129
 1847  9983 10057 10140 10054 10075 10068 10084 10077 10091 10035  9915  9862
 1848  9973  9993  9962 10139 10061 10156 10105 10043 10053 10133 10099  9911
 1849  9905  9990 10052 10112 10132 10158 10077 10114 10145 10053 10006 10122
 1850 10079  9896 10165 10093 10143 10073 10114 10109 10111 10102  9990  9913
 1851  9812  9962 10049 10150 10119 10134 10135 10107 10100 10026 10176 10010
 1852  9863 10041 10173 10159 10102 10105 10095 10060 10135 10119 10058  9986
 1853  9881 10199 10101 10097 10165 10081 10057 10141 10024 10045  9923 10149
 1854  9893  9999 10006 10099 10097 10111 10142 10065 10024  9996 10083  9939
 1855 10175 10212 10027 10055 10185 10105 10101 10093 10052 10057 10076 10047
 1856 10038 10080 10171 10074 10179 10067 10107 10132 10095 10046 10171 10048
 1857 10035  9844 10002 10113 10125 10161 10036 10073 10090 10016 10079  9913
 1858  9920 10018 10125 10093 10127 10079 10111 10062  9980 10082 10134  9865
 1859  9934  9938 10047 10185 10065 10111 10087 10020 10066 10150 10055 10063
 1860  9930 10026 10018 10090 10183 10150 10103 10069 10070  9961 10177 10095
 1861 10031  9980  9938 10161 10140 10111 10028 10061 10080  9994 10098 10016
 1862  9926 10114 10141 10079 10043 10031 10115 10080 10044  9890 10011  9913
 1863  9926  9900  9967  9966 10141 10081 10112 10122  9978  9996  9983  9948
 1864  9892 10021 10074 10071 10160 10066 10055 10136 10050 10185  9995  9995
 1865  9963 10094 10094 10074 10092 10095 10104 10098  9995 10132 10037  9909
 1866  9940 10004 10114 10135 10156 10065 10110 10081 10000 10026 10027  9951
 1867 10144  9952 10199 10051 10217 10129 10151 10028 10036  9990 10147 10004
 1868  9959  9881  9910 10038 10041 10025 10058 10073 10138  9948 10113  9909
 1869  9846  9908 10151 10087 10197 10137 10091 10134 10060 10116 10033 10015
 1870  9988 10106 10143 10030 10087 10106 10072 10156 10040 10017 10118 10151
 1871  9936 10032  9993 10162 10148 10167 10062 10050 10122 10024 10181  9988
 1872  9911 10013 10073 10117 10135 10091 10132 10145 10110 10028 10018 10028
 1873  9872 10112  9990 10165 10175 10058 10087 10040 10107 10010 10122  9948
 1874  9895  9962 10034  9999 10161 10139 10062 10064 10019  9958 10039 10101
 1875  9999 10108 10085 10131 10009 10035 10139 10085 10072 10042 10175  9955
 1876  9934 10048 10054 10175 10143 10029 10014 10073 10154 10064 10127 10008
 1877  9890  9996 10059 10166 10183 10086 10078 10166 10131 10008  9930  9908
 1878 10051 10024 10111 10106 10092 10123 10086 10125 10018 10070 10194 10199
 1879 10060  9994 10034 10114 10101 10097 10120 10081  9960 10086 10158  9980
 1880 10023  9902 10061 10047 10137 10126 10146 10074 10068 10232 10009 10108
 1881 10219 10120 10075 10133 10123 10081 10059 10100 10083 10102  9903  9873
 1882  9932  9994  9918 10169 10149 10146 10044 10089 10035 10013 10010 10083
 1883  9894  9848 10198 10034 10129 10135 10135 10058 10076  9957  9945  9975
 1884  9940  9926  9973 10113 10125 10077 10135 10024 10014 10028 10085  9889
 1885  9974 10069 10074 10075 10167 10061 10090 10178 10010 10098 10029 10035
 1886 10032 10062 10066 10103 10181 10065 10083 10000 10074 10020  9982 10013
 1887  9848  9961 10098 10167 10124 10126 10090 10122 10107 10120 10103 10075
 1888 10103 10128 10131 10173 10164 10141 10144 10110 10082 10134  9937  9884
 1889  9980 10133 10093 10087 10072 10053 10162 10052 10111 10045  9987  9889
 1890  9820 10075  9968 10059 10130 10095 10086 10070 10012 10060  9944 10034
 1891 10028  9955 10109 10144 10165 10187 10102 10095 10004  9940 10037  9910
 1892  9998 10150 10107 10121 10196 10151 10109 10103  9978 10152 10017 10051
 1893 10132  9956 10035 10105 10136 10131 10127 10129 10059 10055 10161  9903
 1894  9932  9827  9948 10061 10192 10053 10111 10115 10192 10115  9896 10001
 1895 10136 10216 10021 10100 10128 10144 10091 10100 10035 10124  9995  9995
 1896 10088  9957  9973 10067 10165 10135 10076 10151 10061 10169 10053  9911
 1897 10124  9977 10009  9976 10116 10181 10089 10048 10081 10083 10085  9961
 1898  9927  9960 10100  9988 10145 10103 10128 10040 10035 10037  9984  9924
 1899 10013  9997 10129 10121 10185 10107 10065 10143 10044 10032  9985 10029
 1900  9925 10157 10228 10071 10131 10130 10109 10108 10012 10081  9984  9888
 1901  9963 10213 10069 10028 10155 10073 10087 10092 10000 10024 10144 10025
 1902 10032 10096 10017 10123 10167 10199 10165 10112 10111 10032  9972  9967
 1903  9925  9869  9856 10108 10108 10181 10119 10063 10079 10071 10025  9969
 1904  9884  9977 10031  9993 10100 10116 10103 10136 10047 10001 10061 10005
 1905  9964 10031  9939 10164 10127 10133 10075 10113 10049 10160 10033  9940
 1906  9875  9989 10089 10049 10196 10148 10041 10132 10076  9978 10048 10010
 1907 10027  9969  9963 10051 10178 10094 10173 10099 10060 10065  9994  9956
 1908  9975 10017 10015 10182 10091 10103 10131 10098 10043 10021 10030  9941
 1909  9933 10056 10158 10088 10179 10190 10060 10041 10132  9987 10069 10009
 1910  9911  9842 10029 10117 10101 10124 10132 10146 10112 10093 10145  9979
 1911  9999  9986 10113 10131 10043 10147 10134 10102 10044 10134  9999  9864
 1912 10044 10004  9986 10118 10103 10136 10124 10127 10158 10010 10034  9876
 1913  9911 10003  9910 10005 10107 10107 10137 10085 10109 10058  9875  9996
 1914  9981  9870 10024 10031 10088 10086 10113 10086 10069 10055 10011  9900
 1915  9969  9975 10144 10021 10183 10161 10097 10133 10149 10036 10135 10081
 1916  9880  9943 10184 10048 10139 10151 10098 10098 10104  9978 10017 10040
 1917 10134 10095 10077 10146 10159 10104 10142 10092 10000 10007 10003 10128
 1918 10104  9901 10018 10126 10115 10084 10144 10087 10066  9989  9969  9962
 1919  9987 10068 10111 10063 10094 10062 10135 10063 10042 10177 10117  9887
 1920  9894  9978  9906 10126 10057 10122 10034 10119 10021 10037  9937 10033
 1921  9922 10023  9898 10085 10082 10145 10102 10085 10063 10038 10069  9922
 1922  9954  9835 10094 10135 10095 10038 10070 10061 10078 10142 10078  9959
 1923  9973  9890 10053 10095 10149 10115 10030 10067 10023  9931 10069 10002
 1924  9915 10091 10113 10147 10130 10141 10031 10046 10007  9993 10030  9798
 1925  9903  9949 10151 10035 10066 10102 10071 10071 10071 10065 10103 10079
 1926  9915  9935 10057 10046 10153 10129 10065 10062 10046 10167  9958 10070
 1927  9922 10011  9966 10070 10183 10133 10093 10077 10079 10114 10030 10103
 1928  9845  9923 10078 10011 10207 10133 10055 10111 10073 10015  9982 10006
 1929 10199 10007 10106 10198 10103 10111 10125 10093 10015 10006  9921  9813
 1930  9853 10086 10098 10110 10083 10029 10087 10070 10155  9998  9998  9918
 1931 10039  9991 10129 10059 10154 10143 10059 10142 10146 10043  9858 10014
 1932  9905 10274 10105 10122 10198 10151 10069 10058 10053 10027  9997  9925
 1933  9853 10167  9998 10149 10142 10079 10078 10035 10091 10099 10075 10074
 1934  9909 10078  9994 10139 10058 10157 10087 10034  9981 10018 10051  9958
 1935 10079  9907 10061 10159 10224 10079 10019 10059 10050  9957  9946 10063
 1936 10086 10109 10054 10145 10139 10110 10091 10065 10114 10011 10010  9935
 1937  9851  9958 10179 10031 10073 10097 10057 10051  9995 10066 10103 10067
 1938  9878 10087  9949 10151 10143 10070 10058 10099 10045  9894  9898  9945
 1939 10091  9883 10061 10101 10129 10129 10122 10061 10161 10114 10001 10065
 1940 10109 10067 10093 10107 10093 10074 10126 10081 10065 10039  9999 10035
 1941 10174 10042 10149 10166 10162 10111 10058 10099 10090 10130  9981  9990
 1942  9970 10180 10063 10094 10119 10149 10082 10065 10003 10005 10102  9923
 1943  9957  9962 10010  9991 10126 10111 10090 10135 10013  9978 10075  9999
 1944  9922 10127 10123 10081 10133 10125 10146 10059 10059 10017 10011  9969
 1945 10199  9882 10043 10106 10105 10098 10111 10089 10037 10095 10077 10019
 1946  9901 10078 10057 10037 10196 10054 10053 10063 10023 10105 10077  9943
 1947  9931 10244 10126  9983 10117 10085 10057 10103 10025 10074 10103 10089
 1948  9886 10037  9970 10069 10143 10135 10099 10099 10055  9997 10029  9963
 1949  9967  9890 10104 10002 10148 10153 10135 10084 10094 10021  9962  9960
 1950  9960  9924 10056 10033 10187 10082 10062 10023  9974  9987 10025 10090
 1951  9946  9963 10134 10126 10196 10151 10090 10044 10024  9988 10034  9847
 1952  9966 10094 10091 10010 10172 10104 10111 10106 10155 10013 10129 10070
 1953 10027 10040 10068 10152 10161 10105 10078 10042 10023  9961  9897  9931
 1954 10045  9969 10005 10118 10170 10103 10051 10091 10030  9967  9895  9933
 1955 10048 10125 10178 10050 10142 10112 10083 10054  9975 10098 10113 10006
 1956 10038 10162 10027 10142 10031 10133 10117 10136 10082 10021  9993  9922
 1957  9900 10042 10041 10110 10166 10176 10147 10087 10131  9912 10105  9978
 1958  9989 10108 10146 10076 10181 10162 10137 10078 10069  9995  9999 10024
 1959 10165  9976  9936 10065 10161 10084 10072 10071 10054  9974 10001  9891
 1960 10092 10118 10071 10047 10116 10121 10076 10170 10047 10144  9992  9933
 1961  9973  9938 10028 10076 10131 10020 10107 10038  9964  9976 10026 10129
 1962  9879 10089 10244 10098 10166 10088 10158 10074 10057 10031 10090 10046
 1963 10269 10100  9975 10080 10014 10136 10106 10103 10014  9923 10038 10107
 1964 10054 10071 10063 10089 10062 10100 10042 10152 10079 10029 10026 10014
 1965  9994 10281 10122 10038 10165 10070 10144 10058 10061 10029 10177  9975
 1966 10092 10068 10061 10079 10077 10072 10107 10138 10080 10132 10062  9940
 1967 10110  9924  9959 10093 10145 10066 10078 10085 10043  9955 10030 10087
 1968 10015 10093 10002 10137 10203 10067 10200 10119 10079 10097 10045 10078
 1969 10093 10156 10119 10082 10173 10073 10044 10086 10040  9965 10055 10015
 1970  9988 10040 10139 10091 10057 10109 10073 10078 10036 10069 10035 10118
 1971  9998  9972 10088 10119 10060 10185 10134 10050 10079 10026 10082  9979
 1972  9950  9986  9988 10074 10092 10027 10082 10091 10131 10068 10002  9876
 1973  9967  9974 10017 10207 10148 10056 10102 10065 10073 10107 10107 10049
 1974  9777  9967 10044 10138 10112 10083 10074 10081 10026 10115  9995  9925
 1975  9889 10024 10084 10129 10205 10129 10074 10092 10016 10062 10005 10058
 1976  9991  9936  9934 10119 10041 10062 10122 10105 10176  9954 10000 10121
 1977 10106 10063 10049 10093 10193 10144 10114 10118 10070  9969 10026  9996
 1978  9969 10089  9916 10178 10095 10099 10132 10120 10046 10035  9923 10059
 1979 10120 10033 10016 10166 10146 10087 10086 10084 10032 10001  9955  9912
 1980 10097 10013 10070 10089 10188 10109 10134 10108 10022 10085 10140  9979
 1981 10050  9968 10027 10186 10109 10136 10086 10077 10041 10079 10054 10071
 1982 10067  9868  9950 10091 10124 10171 10106 10055 10003  9986  9936  9919
 1983  9861 10145  9983 10136 10143 10091 10086 10084 10093  9981 10102  9973
 1984  9891  9962 10158 10060 10115 10131 10115 10089 10053  9991  9980  9930
 1985 10149 10073 10074 10085 10152 10128 10081 10057 10089 10045 10120 10072
 1986  9956 10225  9871 10105 10049 10105 10084 10159 10134  9899  9901  9907
 1987 10136 10050 10051 10037 10181 10167 10099 10150 10003 10009 10052 10029
 1988  9959 10060 10061 10170 10115 10116 10063 10017 10047 10089 10077  9981
 1989  9875  9861  9882 10090 10080 10110 10109  9995 10014  9990 10084 10035
 1990  9810  9763  9955 10012 10194 10096 10083 10052 10060 10002 10095  9947
 1991  9946 10028 10052 10073 10179 10133 10102 10014 10066 10079  9956 10011
 1992 10040  9893  9986 10050 10096 10123 10078 10015 10047 10130  9876  9947
 1993  9842 10081  9962 10057 10190 10118 10121 10097 10109 10189  9917  9930
 1994  9952 10032  9857 10073 10138 10033 10048 10108 10094 10062  9979  9905
 1995  9920  9888  9982 10189 10148 10160 10084 10092 10095  9992 10179 10139
 1996 10021 10038 10158 10092 10170 10099 10077 10074 10065  9960 10078 10133
 1997 10087  9817  9994 10139 10182 10160 10092 10052 10063 10098  9986  9969
 1998 10031  9953 10071 10114 10153 10162 10089 10036 10119 10026  9993  9904
 1999  9929  9968 10062 10130 10079 10081 10097 10130  9971 10032 10028  9931
 2000 10048  9879 10068 10176 10082 10132 10138 10096 10034  9926 10026 10043
 2001 10002 10098 10061 10088 10129 10142 10104 10045 10109  9978 10030 10147
 2002  9942  9939 10021 10012 10094 10069 10075 10080 10137 10104  9967 10061
 2003 10043  9937 10014 10135 10104 10076 10070 10123 10055 10122  9948 10048
 2004  9973 10121 10019 10030 10124 10124 10079 10104 10007 10078 10079  9908
 2005  9989 10148 10145 10083 10188 10133 10095 10041 10039 10032 10049 10040
 2006  9951 10092 10134 10024 10136 10082 10081 10110 10026 10074  9931  9899
 2007  9977 10038  9956 10083 10077 10171 10111 10106 10069  9987 10093  9950
 2008  9927  9971 10011 10161 10186 10130 10095 10040 10035  9973 10065 10006
 2009  9881 10080 10003 10032 10056 10187 10125 10033 10030 10070  9932 10098
 2010 10090 10140 10099 10130 10183 10156 10052 10122 10072 10042 10109 10169
 2011 10065  9877 10045  9955 10080 10144 10129 10112  9950  9942  9922  9899
 2012  9958 10037 10037 10136 10190 10172 10125 10105 10010 10116  9982 10017
 2013  9962 10059 10197 10089 10080 10092 10091 10028 10058 10053 10016  9859
 2014  9879  9863  9963 10066 10128 10168 10064 10101 10063  9981  9989  9937
 2015  9885  9949  9957 10104 10061 10125 10127 10035 10082 10021  9939  9886
 2016  9981  9981 10030 10158 10145 10124 10103 10094  9970 10078 10051  9941
 2017 10026  9961 10016 10107 10127 10056 10060 10092 10009 10016 10100 10050
 2018  9933  9955 10092 10065 10041 10129 10058 10046 10046  9985 10023  9985
 2019 10071 10001  9969 10110 10202 10178 10112 10076 10051 10082 10090  9944
 2020  9844  9819 10012 10130 10149 10134 10089 10070 10013 10051  9979 10009
 2021 10122 10016 10050 10214 10175 10087 10116 10136   -10   -10   -10   -10